{
  "nbformat": 4,
  "nbformat_minor": 0,
  "metadata": {
    "colab": {
      "provenance": []
    },
    "kernelspec": {
      "name": "python3",
      "display_name": "Python 3"
    },
    "language_info": {
      "name": "python"
    }
  },
  "cells": [
    {
      "cell_type": "code",
      "execution_count": 20,
      "metadata": {
        "id": "Ed16u8JbjUoe"
      },
      "outputs": [],
      "source": [
        "import torch"
      ]
    },
    {
      "cell_type": "code",
      "source": [
        "inputs = torch.tensor(\n",
        "  [[0.43, 0.15, 0.89], # Your     (x_1)\n",
        "   [0.55, 0.87, 0.66], # journey  (x_2)\n",
        "   [0.57, 0.85, 0.64], # starts   (x_3)\n",
        "   [0.22, 0.58, 0.33], # with     (x_4)\n",
        "   [0.77, 0.25, 0.10], # one      (x_5)\n",
        "   [0.05, 0.80, 0.55]] # step     (x_6)\n",
        ")"
      ],
      "metadata": {
        "id": "i4gbBjDwjbV7"
      },
      "execution_count": 21,
      "outputs": []
    },
    {
      "cell_type": "code",
      "source": [
        "x_3 = inputs[2] #A\n",
        "d_in = inputs.shape[1] #B\n",
        "d_out = 2 #C"
      ],
      "metadata": {
        "id": "yBIGyUQggDz8"
      },
      "execution_count": 22,
      "outputs": []
    },
    {
      "cell_type": "markdown",
      "source": [
        "#### Initialize the three weight matrices Wq, Wk and Wv"
      ],
      "metadata": {
        "id": "23tYdqIWrsEM"
      }
    },
    {
      "cell_type": "code",
      "source": [
        "torch.manual_seed(123)\n",
        "W_q = torch.nn.Parameter(torch.rand(d_in, d_out), requires_grad=False)\n",
        "W_k = torch.nn.Parameter(torch.rand(d_in, d_out), requires_grad=False)\n",
        "W_v = torch.nn.Parameter(torch.rand(d_in, d_out), requires_grad=False)"
      ],
      "metadata": {
        "id": "bHmEn8SkroyN"
      },
      "execution_count": 23,
      "outputs": []
    },
    {
      "cell_type": "code",
      "source": [
        "print(W_q, W_k, W_v)"
      ],
      "metadata": {
        "colab": {
          "base_uri": "https://localhost:8080/"
        },
        "id": "ifDujODyrinS",
        "outputId": "a654a332-9366-4268-cc59-6f73efb0d9e4"
      },
      "execution_count": 24,
      "outputs": [
        {
          "output_type": "stream",
          "name": "stdout",
          "text": [
            "Parameter containing:\n",
            "tensor([[0.2961, 0.5166],\n",
            "        [0.2517, 0.6886],\n",
            "        [0.0740, 0.8665]]) Parameter containing:\n",
            "tensor([[0.1366, 0.1025],\n",
            "        [0.1841, 0.7264],\n",
            "        [0.3153, 0.6871]]) Parameter containing:\n",
            "tensor([[0.0756, 0.1966],\n",
            "        [0.3164, 0.4017],\n",
            "        [0.1186, 0.8274]])\n"
          ]
        }
      ]
    },
    {
      "cell_type": "markdown",
      "source": [
        "#### Compute the query, key, and value vectors"
      ],
      "metadata": {
        "id": "IJ0NlY3CsDKX"
      }
    },
    {
      "cell_type": "code",
      "source": [
        "q_3 = x_3 @ W_q\n",
        "k_3 = x_3 @ W_k\n",
        "v_3 = x_3 @ W_v\n",
        "print(q_3)"
      ],
      "metadata": {
        "colab": {
          "base_uri": "https://localhost:8080/"
        },
        "id": "Ce9TGmCWr1QK",
        "outputId": "bcfbcb8b-22d5-4c3b-fbf4-d01efcdb12fa"
      },
      "execution_count": 25,
      "outputs": [
        {
          "output_type": "stream",
          "name": "stdout",
          "text": [
            "tensor([0.4300, 1.4343])\n"
          ]
        }
      ]
    },
    {
      "cell_type": "code",
      "source": [
        "keys = inputs @ W_k\n",
        "values = inputs @ W_v\n",
        "queries = inputs @ W_q\n",
        "\n",
        "print(\"keys.shape:\", keys.shape)\n",
        "print(\"values.shape:\", values.shape)\n",
        "print(\"queries.shape:\", queries.shape)"
      ],
      "metadata": {
        "id": "Hq_fgNzBsLT8",
        "colab": {
          "base_uri": "https://localhost:8080/"
        },
        "outputId": "271101dd-daad-417d-d4ff-fdadad8c846e"
      },
      "execution_count": 26,
      "outputs": [
        {
          "output_type": "stream",
          "name": "stdout",
          "text": [
            "keys.shape: torch.Size([6, 2])\n",
            "values.shape: torch.Size([6, 2])\n",
            "queries.shape: torch.Size([6, 2])\n"
          ]
        }
      ]
    },
    {
      "cell_type": "markdown",
      "source": [
        "#### Attention Scores"
      ],
      "metadata": {
        "id": "oTEvDbln3nyM"
      }
    },
    {
      "cell_type": "code",
      "source": [
        "keys_3 = keys[2] #A\n",
        "attn_score_33 = q_3.dot(keys_3)\n",
        "print(attn_score_33)"
      ],
      "metadata": {
        "colab": {
          "base_uri": "https://localhost:8080/"
        },
        "id": "DfQS5Frl0CfC",
        "outputId": "10268e1e-2df1-43d5-93d2-d31d0aaf2e0a"
      },
      "execution_count": 27,
      "outputs": [
        {
          "output_type": "stream",
          "name": "stdout",
          "text": [
            "tensor(1.7877)\n"
          ]
        }
      ]
    },
    {
      "cell_type": "code",
      "source": [
        "attn_scrs_3 = q_3 @ keys.T\n",
        "print(attn_scrs_3)"
      ],
      "metadata": {
        "colab": {
          "base_uri": "https://localhost:8080/"
        },
        "id": "juQfXNpl1hgN",
        "outputId": "95ea7813-001c-4f2d-a8cc-3f3c3d012d70"
      },
      "execution_count": 28,
      "outputs": [
        {
          "output_type": "stream",
          "name": "stdout",
          "text": [
            "tensor([1.2544, 1.8284, 1.7877, 1.0654, 0.5508, 1.5238])\n"
          ]
        }
      ]
    },
    {
      "cell_type": "code",
      "source": [
        "attn_scrs = queries @ keys.T\n",
        "print(attn_scrs)"
      ],
      "metadata": {
        "colab": {
          "base_uri": "https://localhost:8080/"
        },
        "id": "6vDhuU1L2YJo",
        "outputId": "8c9d6fee-7970-4e0c-a345-4fccafdcb229"
      },
      "execution_count": 29,
      "outputs": [
        {
          "output_type": "stream",
          "name": "stdout",
          "text": [
            "tensor([[0.9231, 1.3545, 1.3241, 0.7910, 0.4032, 1.1330],\n",
            "        [1.2705, 1.8524, 1.8111, 1.0795, 0.5577, 1.5440],\n",
            "        [1.2544, 1.8284, 1.7877, 1.0654, 0.5508, 1.5238],\n",
            "        [0.6973, 1.0167, 0.9941, 0.5925, 0.3061, 0.8475],\n",
            "        [0.6114, 0.8819, 0.8626, 0.5121, 0.2707, 0.7307],\n",
            "        [0.8995, 1.3165, 1.2871, 0.7682, 0.3937, 1.0996]])\n"
          ]
        }
      ]
    },
    {
      "cell_type": "markdown",
      "source": [
        "#### Compute attention weights using softmax"
      ],
      "metadata": {
        "id": "ga9N_-bA6McF"
      }
    },
    {
      "cell_type": "code",
      "source": [
        "d_k = keys.shape[-1]\n",
        "attn_weights = torch.softmax(attn_scrs / d_k**0.5, dim=-1)\n",
        "print(attn_weights)"
      ],
      "metadata": {
        "colab": {
          "base_uri": "https://localhost:8080/"
        },
        "id": "D7ydkeTU3Jzf",
        "outputId": "217382e0-9618-43d7-8c4a-8ad76cd18cfa"
      },
      "execution_count": 30,
      "outputs": [
        {
          "output_type": "stream",
          "name": "stdout",
          "text": [
            "tensor([[0.1551, 0.2104, 0.2059, 0.1413, 0.1074, 0.1799],\n",
            "        [0.1500, 0.2264, 0.2199, 0.1311, 0.0906, 0.1820],\n",
            "        [0.1503, 0.2256, 0.2192, 0.1315, 0.0914, 0.1819],\n",
            "        [0.1591, 0.1994, 0.1962, 0.1477, 0.1206, 0.1769],\n",
            "        [0.1610, 0.1949, 0.1923, 0.1501, 0.1265, 0.1752],\n",
            "        [0.1557, 0.2092, 0.2048, 0.1419, 0.1089, 0.1794]])\n"
          ]
        }
      ]
    },
    {
      "cell_type": "markdown",
      "source": [
        "#### Context Vector"
      ],
      "metadata": {
        "id": "Lx4eK138GqgR"
      }
    },
    {
      "cell_type": "code",
      "source": [
        "import torch.nn as nn\n",
        "class SelfAttention(nn.Module):\n",
        "\n",
        "    def __init__(self, d_in, d_out, qkv_bias=False):\n",
        "        super().__init__()\n",
        "        self.W_q = nn.Linear(d_in, d_out, bias=qkv_bias)\n",
        "        self.W_k   = nn.Linear(d_in, d_out, bias=qkv_bias)\n",
        "        self.W_v = nn.Linear(d_in, d_out, bias=qkv_bias)\n",
        "\n",
        "    def forward(self, x):\n",
        "        keys = self.W_k(x)\n",
        "        queries = self.W_q(x)\n",
        "        values = self.W_v(x)\n",
        "\n",
        "        attn_scrs = queries @ keys.T\n",
        "        attn_weights = torch.softmax(attn_scrs / keys.shape[-1]**0.5, dim=-1)\n",
        "\n",
        "        context_vec = attn_weights @ values\n",
        "        return context_vec"
      ],
      "metadata": {
        "id": "0cp8q0ne64SJ"
      },
      "execution_count": 31,
      "outputs": []
    },
    {
      "cell_type": "code",
      "source": [
        "torch.manual_seed(123)\n",
        "sa = SelfAttention(d_in, d_out)\n",
        "print(sa(inputs))"
      ],
      "metadata": {
        "colab": {
          "base_uri": "https://localhost:8080/"
        },
        "id": "FQWOt0bxMIp5",
        "outputId": "f202f31e-ea10-4fea-d2ec-b0365cd9ead7"
      },
      "execution_count": 32,
      "outputs": [
        {
          "output_type": "stream",
          "name": "stdout",
          "text": [
            "tensor([[-0.5337, -0.1051],\n",
            "        [-0.5323, -0.1080],\n",
            "        [-0.5323, -0.1079],\n",
            "        [-0.5297, -0.1076],\n",
            "        [-0.5311, -0.1066],\n",
            "        [-0.5299, -0.1081]], grad_fn=<MmBackward0>)\n"
          ]
        }
      ]
    },
    {
      "cell_type": "markdown",
      "source": [
        "#### Causal Attention\n",
        "Hiding future words"
      ],
      "metadata": {
        "id": "uU2elBwZW_Kv"
      }
    },
    {
      "cell_type": "code",
      "source": [
        "queries = sa.W_q(inputs) #A\n",
        "keys = sa.W_k(inputs)\n",
        "attn_scrs = queries @ keys.T\n",
        "attn_weights = torch.softmax(attn_scrs / keys.shape[-1]**0.5, dim=1)\n",
        "print(attn_weights)"
      ],
      "metadata": {
        "id": "BLehujlBXBHM",
        "colab": {
          "base_uri": "https://localhost:8080/"
        },
        "outputId": "ba9320bb-ff20-4f6e-c8ff-00eb322c543e"
      },
      "execution_count": 33,
      "outputs": [
        {
          "output_type": "stream",
          "name": "stdout",
          "text": [
            "tensor([[0.1717, 0.1762, 0.1761, 0.1555, 0.1627, 0.1579],\n",
            "        [0.1636, 0.1749, 0.1746, 0.1612, 0.1605, 0.1652],\n",
            "        [0.1637, 0.1749, 0.1746, 0.1611, 0.1606, 0.1651],\n",
            "        [0.1636, 0.1704, 0.1702, 0.1652, 0.1632, 0.1674],\n",
            "        [0.1667, 0.1722, 0.1721, 0.1618, 0.1633, 0.1639],\n",
            "        [0.1624, 0.1709, 0.1706, 0.1654, 0.1625, 0.1682]],\n",
            "       grad_fn=<SoftmaxBackward0>)\n"
          ]
        }
      ]
    },
    {
      "cell_type": "code",
      "source": [
        "context_length = attn_scrs.shape[0]\n",
        "mask_simple = torch.tril(torch.ones(context_length, context_length))\n",
        "masked_simple = attn_weights*mask_simple\n",
        "print(masked_simple)"
      ],
      "metadata": {
        "colab": {
          "base_uri": "https://localhost:8080/"
        },
        "id": "ZNuc6C2F41U8",
        "outputId": "45e13b91-ac5d-4294-820f-bd6774619c92"
      },
      "execution_count": 34,
      "outputs": [
        {
          "output_type": "stream",
          "name": "stdout",
          "text": [
            "tensor([[0.1717, 0.0000, 0.0000, 0.0000, 0.0000, 0.0000],\n",
            "        [0.1636, 0.1749, 0.0000, 0.0000, 0.0000, 0.0000],\n",
            "        [0.1637, 0.1749, 0.1746, 0.0000, 0.0000, 0.0000],\n",
            "        [0.1636, 0.1704, 0.1702, 0.1652, 0.0000, 0.0000],\n",
            "        [0.1667, 0.1722, 0.1721, 0.1618, 0.1633, 0.0000],\n",
            "        [0.1624, 0.1709, 0.1706, 0.1654, 0.1625, 0.1682]],\n",
            "       grad_fn=<MulBackward0>)\n"
          ]
        }
      ]
    },
    {
      "cell_type": "code",
      "source": [
        "row_sums = masked_simple.sum(dim=1, keepdim=True)\n",
        "masked_simple_norm = masked_simple / row_sums\n",
        "print(masked_simple_norm)"
      ],
      "metadata": {
        "colab": {
          "base_uri": "https://localhost:8080/"
        },
        "id": "WXYvcaiD5D3X",
        "outputId": "90808a22-a215-45b1-eb8c-640fca21c1c6"
      },
      "execution_count": 35,
      "outputs": [
        {
          "output_type": "stream",
          "name": "stdout",
          "text": [
            "tensor([[1.0000, 0.0000, 0.0000, 0.0000, 0.0000, 0.0000],\n",
            "        [0.4833, 0.5167, 0.0000, 0.0000, 0.0000, 0.0000],\n",
            "        [0.3190, 0.3408, 0.3402, 0.0000, 0.0000, 0.0000],\n",
            "        [0.2445, 0.2545, 0.2542, 0.2468, 0.0000, 0.0000],\n",
            "        [0.1994, 0.2060, 0.2058, 0.1935, 0.1953, 0.0000],\n",
            "        [0.1624, 0.1709, 0.1706, 0.1654, 0.1625, 0.1682]],\n",
            "       grad_fn=<DivBackward0>)\n"
          ]
        }
      ]
    },
    {
      "cell_type": "code",
      "source": [
        "mask = torch.triu(torch.ones(context_length, context_length), diagonal=1)\n",
        "masked = attn_scrs.masked_fill(mask.bool(), -torch.inf)\n",
        "print(masked)"
      ],
      "metadata": {
        "colab": {
          "base_uri": "https://localhost:8080/"
        },
        "id": "wC3l7_in5LMr",
        "outputId": "c20f12b1-4181-444c-be57-42b2f6e1f6ff"
      },
      "execution_count": 36,
      "outputs": [
        {
          "output_type": "stream",
          "name": "stdout",
          "text": [
            "tensor([[0.3111,   -inf,   -inf,   -inf,   -inf,   -inf],\n",
            "        [0.1655, 0.2602,   -inf,   -inf,   -inf,   -inf],\n",
            "        [0.1667, 0.2602, 0.2577,   -inf,   -inf,   -inf],\n",
            "        [0.0510, 0.1080, 0.1064, 0.0643,   -inf,   -inf],\n",
            "        [0.1415, 0.1875, 0.1863, 0.0987, 0.1121,   -inf],\n",
            "        [0.0476, 0.1192, 0.1171, 0.0731, 0.0477, 0.0966]],\n",
            "       grad_fn=<MaskedFillBackward0>)\n"
          ]
        }
      ]
    },
    {
      "cell_type": "code",
      "source": [
        "attn_weights = torch.softmax(masked/keys.shape[-1]**0.5, dim=1)\n",
        "print(attn_weights)"
      ],
      "metadata": {
        "colab": {
          "base_uri": "https://localhost:8080/"
        },
        "id": "-ooo-LvH5OGv",
        "outputId": "b54226d7-b716-4d63-c78e-ec79b9c3c8a2"
      },
      "execution_count": 37,
      "outputs": [
        {
          "output_type": "stream",
          "name": "stdout",
          "text": [
            "tensor([[1.0000, 0.0000, 0.0000, 0.0000, 0.0000, 0.0000],\n",
            "        [0.4833, 0.5167, 0.0000, 0.0000, 0.0000, 0.0000],\n",
            "        [0.3190, 0.3408, 0.3402, 0.0000, 0.0000, 0.0000],\n",
            "        [0.2445, 0.2545, 0.2542, 0.2468, 0.0000, 0.0000],\n",
            "        [0.1994, 0.2060, 0.2058, 0.1935, 0.1953, 0.0000],\n",
            "        [0.1624, 0.1709, 0.1706, 0.1654, 0.1625, 0.1682]],\n",
            "       grad_fn=<SoftmaxBackward0>)\n"
          ]
        }
      ]
    },
    {
      "cell_type": "code",
      "source": [],
      "metadata": {
        "id": "fofUEQZH5QO5"
      },
      "execution_count": 37,
      "outputs": []
    }
  ]
}